0.00001 0.00001 0.00001
0.00009 0.00002 0.00002
0.00003 0.00004 0.00003
0.00001 0.00001 0.00001
0.00009 0.00002 0.00002
0.00003 0.00004 0.00003
0.00001 0.00001 0.00001
0.00009 0.00002 0.00002
0.00003 0.00004 0.00003
0.00001 0.00001 0.00001
0.00009 0.00002 0.00002
0.00003 0.00004 0.00003
0.00001 0.00001 0.00001
0.00009 0.00002 0.00002
0.00003 0.00004 0.00003
0.00001 0.00001 0.00001
0.00009 0.00002 0.00002
0.00003 0.00004 0.00003
0.00001 0.00001 0.00001
0.00009 0.00002 0.00002
0.00003 0.00004 0.00003
0.00001 0.00001 0.00001
0.00009 0.00002 0.00002
0.00003 0.00004 0.00003
0.00001 0.00001 0.00001
0.00009 0.00002 0.00002
0.00003 0.00004 0.00003
0.00001 0.00001 0.00001
0.00009 0.00002 0.00002
0.00003 0.00004 0.00003
0.00001 0.00001 0.00001
0.00009 0.00002 0.00002
0.00003 0.00004 0.00003
0.00001 0.00001 0.00001
0.00009 0.00002 0.00002
0.00003 0.00004 0.00003
0.00001 0.00001 0.00001
0.00009 0.00002 0.00002
0.00003 0.00004 0.00003
0.00001 0.00001 0.00001
0.00009 0.00002 0.00002
0.00003 0.00004 0.00003
0.00001 0.00001 0.00001
0.00009 0.00002 0.00002
0.00003 0.00004 0.00003
0.00001 0.00001 0.00001
0.00009 0.00002 0.00002
0.00003 0.00004 0.00003
0.00001 0.00001 0.00001
0.00009 0.00002 0.00002
0.00003 0.00004 0.00003
0.00001 0.00001 0.00001
0.00009 0.00002 0.00002
0.00003 0.00004 0.00003
0.00001 0.00001 0.00001
0.00009 0.00002 0.00002
0.00003 0.00004 0.00003
0.00001 0.00001 0.00001
0.00009 0.00002 0.00002
0.00003 0.00004 0.00003
0.00001 0.00001 0.00001
0.00009 0.00002 0.00002
0.00003 0.00004 0.00003
0.00001 0.00001 0.00001
0.00009 0.00002 0.00002
0.00003 0.00004 0.00003
0.00001 0.00001 0.00001
0.00009 0.00002 0.00002
0.00003 0.00004 0.00003
0.00001 0.00001 0.00001
0.00009 0.00002 0.00002
0.00003 0.00004 0.00003
0.00001 0.00001 0.00001
0.00009 0.00002 0.00002
0.00003 0.00004 0.00003
0.00001 0.00001 0.00001
0.00009 0.00002 0.00002
0.00003 0.00004 0.00003
0.00001 0.00001 0.00001
0.00009 0.00002 0.00002
0.00003 0.00004 0.00003
0.00001 0.00001 0.00001
0.00009 0.00002 0.00002
0.00003 0.00004 0.00003
0.00001 0.00001 0.00001
0.00009 0.00002 0.00002
0.00003 0.00004 0.00003
0.00001 0.00001 0.00001
0.00009 0.00002 0.00002
0.00003 0.00004 0.00003
0.00001 0.00001 0.00001
0.00009 0.00002 0.00002
0.00003 0.00004 0.00003
0.00001 0.00001 0.00001
0.00009 0.00002 0.00002
0.00003 0.00004 0.00003
0.00001 0.00001 0.00001
0.00009 0.00002 0.00002
0.00003 0.00004 0.00003
0.00001 0.00001 0.00001
0.00009 0.00002 0.00002
0.00003 0.00004 0.00003

